1 0.60615625 0.28505555555555556 0.067796875 0.12194444444444444
1 0.44129687500000003 0.2868888888888889 0.090171875 0.11822222222222223
1 0.530375 0.28852777777777777 0.07871875 0.1288888888888889
1 0.930265625 0.2901388888888889 0.068078125 0.12102777777777778
1 0.85590625 0.2956944444444444 0.073546875 0.12841666666666665
1 0.776078125 0.2961666666666667 0.084734375 0.13674999999999998
1 0.69040625 0.29847222222222225 0.084203125 0.1413888888888889
0 0.11290625000000001 0.3086666666666667 0.08545312499999999 0.12102777777777778
1 0.197796875 0.31119444444444444 0.09275 0.11130555555555556
0 0.363828125 0.31119444444444444 0.08104687499999999 0.12980555555555554
0 0.283734375 0.31283333333333335 0.07714062499999999 0.12194444444444444
1 0.64690625 0.4278888888888889 0.082640625 0.13727777777777778
1 0.561625 0.4285833333333333 0.07871875 0.13125
1 0.47581249999999997 0.4299722222222222 0.086265625 0.13772222222222222
1 0.905640625 0.43022222222222223 0.08345312499999999 0.1418888888888889
0 0.138421875 0.4308888888888889 0.0865 0.1358888888888889
1 0.80890625 0.4346111111111111 0.09203125 0.1284722222222222
1 0.052609375 0.4350833333333333 0.083625 0.13680555555555557
0 0.39703125 0.43738888888888894 0.08495312499999999 0.12291666666666666
0 0.728421875 0.43830555555555556 0.08109374999999999 0.12105555555555556
0 0.311875 0.439 0.083390625 0.13355555555555554
0 0.22332812500000002 0.44086111111111115 0.083375 0.12986111111111112
1 0.14935937500000002 0.06858333333333334 0.07503125000000001 0.13344444444444445
1 0.06967187500000001 0.06997222222222223 0.07815625000000001 0.13991666666666666
1 0.306265625 0.07041666666666667 0.076359375 0.12975
1 0.75771875 0.07111111111111111 0.07718749999999999 0.14225000000000002
1 0.6849375 0.07205555555555555 0.069109375 0.1403888888888889
1 0.73896875 0.7114999999999999 0.0834375 0.14894444444444443
1 0.8355937499999999 0.7121944444444444 0.082921875 0.16144444444444445
1 0.646125 0.7161388888888889 0.08940624999999999 0.15819444444444444
1 0.9234843749999999 0.7170555555555556 0.081625 0.15636111111111112
1 0.37293750000000003 0.7186944444444445 0.09928125 0.16699999999999998
1 0.469421875 0.7205277777777778 0.086015625 0.16330555555555556
1 0.38609375 0.07344444444444445 0.075578125 0.12836111111111112
1 0.615921875 0.07388888888888889 0.066484375 0.13669444444444445
1 0.463953125 0.07458333333333333 0.07090625 0.13066666666666665
1 0.17565625 0.7265555555555555 0.090140625 0.16052777777777777
0 0.276703125 0.7323333333333333 0.09640625 0.15358333333333332
0 0.555375 0.7335 0.09121875 0.15588888888888888
0 0.088546875 0.7450833333333334 0.095078125 0.16052777777777777
1 0.53975 0.07666666666666667 0.070390625 0.1311388888888889
0 0.22762500000000002 0.07944444444444444 0.077390625 0.12558333333333332
1 0.8983593750000001 0.08638888888888889 0.077203125 0.12094444444444444
1 0.8943125000000001 0.9064722222222221 0.09829687499999999 0.18702777777777777
1 0.11485937500000001 0.9117777777777778 0.09978125 0.16058333333333333
1 0.60928125 0.9120277777777778 0.092796875 0.17591666666666667
1 0.709671875 0.9120277777777778 0.09775 0.17591666666666667
1 0.799125 0.9120277777777778 0.082921875 0.17591666666666667
1 0.512015625 0.9129722222222223 0.102421875 0.17408333333333334
1 0.311484375 0.9148055555555555 0.09718750000000001 0.1703611111111111
1 0.413171875 0.9166666666666666 0.09434375 0.16666666666666666
1 0.21185937500000002 0.9194444444444444 0.095875 0.16111111111111112
0 0.8319531250000001 0.10027777777777779 0.06937499999999999 0.13022222222222224