1 0.687140625 0.28852777777777777 0.077703125 0.14741666666666667
1 0.524765625 0.2901388888888889 0.0716875 0.12102777777777778
1 0.6001562500000001 0.2915277777777778 0.0745625 0.1275
1 0.439484375 0.2936111111111111 0.088609375 0.1279722222222222
1 0.19818750000000002 0.2961666666666667 0.08935937499999999 0.13674999999999998
1 0.927140625 0.2966111111111111 0.074328125 0.14508333333333331
1 0.772828125 0.2977777777777778 0.07821875 0.14741666666666667
0 0.36890625 0.2991666666666667 0.078703125 0.1353611111111111
1 0.850171875 0.2996388888888889 0.07459375 0.14369444444444443
0 0.28490625 0.3047222222222222 0.077390625 0.14277777777777778
0 0.111203125 0.30980555555555556 0.086234375 0.12333333333333332
1 0.566703125 0.4274444444444444 0.076375 0.14744444444444443
1 0.47515625000000006 0.42975 0.08496875000000001 0.13355555555555554
0 0.307046875 0.4320555555555555 0.08 0.11966666666666666
1 0.651078125 0.4325277777777778 0.08471875 0.14652777777777778
1 0.8181406250000001 0.43369444444444444 0.081359375 0.14883333333333332
0 0.22162500000000002 0.4348333333333333 0.08415625 0.1326388888888889
0 0.389859375 0.43552777777777774 0.08104687499999999 0.12661111111111112
1 0.9068125 0.4362222222222222 0.083703125 0.15763888888888888
0 0.730765625 0.439 0.09203125 0.13355555555555554
1 0.051953125 0.44177777777777777 0.0823125 0.128
0 0.13790625 0.4438611111111111 0.08753125 0.1284722222222222
1 0.1514375 0.06533333333333333 0.070875 0.13066666666666665
1 0.07421875 0.06763888888888889 0.06643750000000001 0.13527777777777777
1 0.89353125 0.06763888888888889 0.0738125 0.13527777777777777
1 0.46278125000000003 0.06997222222222223 0.070640625 0.13991666666666666
1 0.3853125 0.07088888888888889 0.0719375 0.13808333333333334
1 0.8355937499999999 0.7133611111111111 0.082921875 0.16375
1 0.92609375 0.7198333333333333 0.086828125 0.15080555555555555
1 0.738578125 0.7221666666666667 0.0868125 0.15541666666666668
0 0.2323125 0.07227777777777777 0.07843750000000001 0.14455555555555555
1 0.53675 0.07319444444444445 0.0685625 0.14269444444444443
1 0.758890625 0.07436111111111111 0.06703125 0.14502777777777778
1 0.30848437500000003 0.07458333333333333 0.07453125000000001 0.14916666666666667
1 0.647046875 0.7265555555555555 0.09540625 0.16052777777777777
0 0.0888125 0.7344166666666666 0.099765625 0.17255555555555555
0 0.55928125 0.7371944444444444 0.09903125 0.14847222222222223
0 0.28114062500000003 0.7388333333333333 0.09276562499999999 0.15913888888888889
1 0.185421875 0.7427499999999999 0.099265625 0.15588888888888888
1 0.371375 0.7441388888888889 0.10240625 0.1623888888888889
1 0.46995312499999997 0.7494722222222222 0.08496875000000001 0.1656111111111111
1 0.610578125 0.07713888888888888 0.0745625 0.13947222222222222
1 0.6855781249999999 0.07805555555555556 0.07040625 0.1376111111111111
0 0.8259531250000001 0.0806111111111111 0.07614062499999999 0.12788888888888889
1 0.80278125 0.9101944444444445 0.086046875 0.1796111111111111
1 0.8971875 0.9101944444444445 0.097765625 0.1796111111111111
1 0.51265625 0.9120277777777778 0.093296875 0.17591666666666667
1 0.7082499999999999 0.9120277777777778 0.092796875 0.17591666666666667
1 0.31043750000000003 0.9129722222222223 0.09928125 0.17405555555555555
1 0.415125 0.9129722222222223 0.09825 0.17405555555555555
1 0.614234375 0.9148055555555555 0.098515625 0.1703611111111111
1 0.21225 0.9157500000000001 0.0925 0.16849999999999998
1 0.111078125 0.9157500000000001 0.10471875 0.16849999999999998