1 0.036844871163841476 0.6763014678850097 0.1316628789197496 0.6690830488319605 0.15212126887576288 0.8194691193526589 0.0544788448198704 0.8310372320698095
1 0.22453090122767855 0.6630756060282391 0.122363486921653 0.6707356017802534 0.15305110591064783 0.8178164453648167 0.2525534083661595 0.8112061125320946
1 0.31939697265625 0.674980367933001 0.2227956945219995 0.6740408287163883 0.254413218655829 0.8178164453648167 0.34833595402243267 0.8128586654803881
1 0.41203090122767866 0.6630756060282391 0.31578845663381844 0.6740408287163883 0.34647607562281335 0.8194689983131104 0.4422586212790865 0.8260794521853803
1 0.5024326869419643 0.659107352059985 0.4097111920004222 0.6641252689475312 0.43946883773463224 0.8260794521853803 0.5352514515008552 0.8112061125320946
1 0.5906023297991072 0.6710121139647471 0.5008440757126219 0.6657778218958247 0.5296718844119471 0.7979853258271024 0.6189449578344772 0.7880697660582453
1 0.6843523297991072 0.659107352059985 0.587327365590698 0.6674304353638922 0.6208047681241469 0.7781542062893881 0.7110078148014616 0.7698911994688247
1 0.7781023297991072 0.6571232250758582 0.6812500328473516 0.6591674890631027 0.7193771654348238 0.7880697660582453 0.8030706717684458 0.7748489793532533
1 0.8673880440848215 0.6472025901552232 0.7742428630691208 0.6558622621269675 0.812369859436693 0.771543752417118 0.8969933390250999 0.7698911994688247
1 0.9410487583705358 0.6472025901552232 0.8681656665456741 0.647599315826178 0.910012419712485 0.7979853258271024 0.9834766289031757 0.7665859725326895
1 0.0548880440848214 0.8376787806314138 0.07958676050005746 0.9962965212042448 0.17908906295556912 0.986380961435388 0.15212120076581306 0.8277320051336738
1 0.2525534083661595 0.8376475649025309 0.15119122751102848 0.834342337966396 0.17722925266589976 0.9814231815509594 0.2813811489555351 0.9814231815509594
1 0.35064697265625 0.8337105266631598 0.24883365156692086 0.8376475649025309 0.2795212705559157 0.9764654016665308 0.3780935997566428 0.9748128487182371
1 0.44551304408482145 0.8317263996790327 0.34833595402243256 0.834342337966396 0.3808833833010969 0.9814231815509593 0.48131559090144316 0.9781179546148244
1 0.5454806124238869 0.8194689983131105 0.4441184996787058 0.8260794521853805 0.4794557806117738 0.9797706286026656 0.5798879882121204 0.9814231815509594
1 0.6330130440848214 0.809901002853636 0.533391573101236 0.8161638924165233 0.5780280417025512 0.9797706286026656 0.6756704657584436 0.9814231815509594
1 0.727879115513393 0.8158533838060169 0.6310339290471785 0.8178164453648167 0.6775304122680128 0.9863809614353877 0.7723830527794512 0.971507621782102 0.7296063263578556 0.8178164453648165 0.7286763531030711 0.8260794521853801
1 0.8227451869419642 0.8337105266631598 0.728676353103071 0.8277320051336738 0.7695932692349969 0.974812848718237 0.8663057200361048 0.9648972889493802
1 0.9220755440848215 0.8198216377742709 0.8263187771589633 0.8128586654803881 0.8663057200361048 0.974812848718237 0.9630183070571124 0.9665498418976736
1 0.9983555198802307 0.8128586654803881 0.910012419712485 0.8161638924165231 0.9630183070571124 0.9781179546148244 1 0.9533290551926814
1 0.007656294258049296 0.5076455385626636 5.551115123125783e-18 0.35178513622853164 0.08369350633362205 0.36831102883011074 0.09950230245551173 0.5120866454785393
1 0.15198625837053573 0.2464089393615723 0.2367446122442698 0.23940881235474226 0.25348331351099435 0.37657403565067454 0.17164968557699156 0.3716162557662459
1 0.33948625837053575 0.3634724314250644 0.42180023132307315 0.36004808252932125 0.45155794516723324 0.488950359524464 0.36507465528915706 0.4889503595244639
1 0.5068969726562501 0.3773613203139533 0.4264498932671465 0.36996364229817835 0.45341775545690277 0.4906029729925316 0.5371112617905248 0.4889503595244639
1 0.587254115513393 0.3753771933298263 0.5082835212011493 0.374921422182607 0.5361813566456901 0.4872978065761703 0.6217347413789315 0.4906029729925316
1 0.6676112583705358 0.3733930663456993 0.5817477985017898 0.3732688692343134 0.6217347413789314 0.4906029729925316 0.7054282477125534 0.49225558646059897
1 0.7568969726562501 0.3733930663456993 0.6691610616346505 0.37657403565067454 0.7054282477125534 0.4906029729925316 0.7900515910810604 0.49390813940889255
1 0.845066615513393 0.3773613203139533 0.7528545679682728 0.37822664911874204 0.7928413746255146 0.5054763126458172 0.8765350171790365 0.488950359524464
1 0.9176112583705358 0.3674406853933184 0.8374779113367795 0.37822664911874204 0.8774648542139211 0.5005185327613886 0.9546489564237503 0.4939081394088926
1 0.993504115513393 0.3694248123774454 0.9239613374347553 0.3716162557662458 0.9509291996245116 0.4988659192933212 1 0.488950359524464
1 0.38970947265625 0.25434544729808023 0.4738762135228657 0.24767175865553187 0.5008440757126217 0.35509030264489266 0.41808054263378436 0.35839552958102777
1 0.5593523297991072 0.25434544729808023 0.47573602381253527 0.25262953853996045 0.503633859257076 0.3650058624137499 0.5817477985017898 0.35839552958102777
1 0.6296648297991072 0.23847243142506436 0.5529200579124144 0.24601914518746434 0.5789580149573357 0.35509030264489266 0.6542821706575959 0.34847996981217066
1 0.7100219726562501 0.24244068539331837 0.6282441455027243 0.24106136530303576 0.6589317644917191 0.35013252276046425 0.7389056502460022 0.3517851362285317
1 0.7956311581699684 0.22288285923338907 0.7026384641680995 0.23114580553417874 0.7556443515127267 0.374921422182607 0.8337582907574405 0.3567429161129603
1 0.8718523297991073 0.24045655840919136 0.7965611314247532 0.23775619888667474 0.8337582907574406 0.36170069599738874 0.9016430690791231 0.34186957645967453 0.871885287125013 0.2394088123547422
1 0.9481394160800575 0.23445103247031374 0.8681656665456741 0.24106136530303576 0.8988532855346687 0.340216962991607 0.9695277111809053 0.33525918310717856
1 1 0.23445103247031374 0.949069389334842 0.23445103247031363 0.9788270350690522 0.336911796575246 1 0.343522189927742
1 0.0314505440848214 0.03609147904411197 0.043319574422154575 0.1270324279611788 0 0.12868504142924625 0 0.011350907411141285
1 0.10845947265625 0.03807560602823897 0.12329339206648778 0.1386006011981034 0.04238966927731982 0.1253798447529983 0.0256509680105954 0.04770798007020877
1 0.10622732979910712 0.04005973301236594 0.18373872489964263 0.03944500350953213 0.2014073313112017 0.13033762463742676 0.12050360852203376 0.12207464807675016
1 0.25999278574473716 0.04440278339396069 0.33624691469978163 0.039445003509532166 0.35949508820024895 0.1253798447529982 0.28045124381070025 0.12372726154481775
1 0.41426304408482145 0.04601211396474688 0.332527157900543 0.04605536660214121 0.3567053046557948 0.13694798773003589 0.4320294603560548 0.13364282131367486
1 0.4868076869419643 0.04601211396474688 0.4115710022900917 0.04770798007020875 0.43388927064572413 0.13199020784560733 0.5129331831452226 0.13529540452185537
1 0.5571201869419643 0.05196449491712786 0.4841053744458975 0.05101314648656978 0.5082835212011493 0.1402532449260579 0.5836076087914595 0.13364282131367491
1 0.6330130440848214 0.047996240948873885 0.5557098414568685 0.04936056327838927 0.5836076087914593 0.14190576761446447 0.6570719542020497 0.1419057676144645
1 0.704441615513393 0.05196449491712786 0.6328938755567476 0.04770798007020875 0.6598617377465038 0.14355838108253205 0.7314661366475249 0.1386006011981034
1 0.7807524034128135 0.06258131972349447 0.7026384641680993 0.0510131464865698 0.7379756769912177 0.14686354749889305 0.8086502388573539 0.15016880469491506
1 0.85064697265625 0.049980367933000855 0.7751728363239053 0.05266575995463734 0.8030706717684458 0.13364282131367486 0.8802546377583752 0.14025324492605792
1 0.9230313641799709 0.04605536660214121 0.8495670187693806 0.04275020018578017 0.8839743945576141 0.1468635474988931 0.952789009914181 0.143558381082532
1 0.993504115513393 0.042043859996492905 0.9221013909251863 0.03944500350953211 0.9537189831689658 0.1386006011981034 1 0.12537984475299824 0.9946357630809921 0.04109758671771265
0 0.18212018694196427 0.04005973301236594 0.2627825692891913 0.04109758671771265 0.2785913654110811 0.13364282131367486 0.19675773747707828 0.13033762463742682
0 0.06828090122767856 0.2483930663456993 0 0.24767175865553187 0.002005248326236364 0.3501578985193532 0.08051673375484203 0.3484799698121706
0 0.06381661551339284 0.25434544729808023 0.14561166042212031 0.25593470495632153 0.16514014523329884 0.35343774969659913 0.08423642244413085 0.36996364229817846
0 0.23680768694196433 0.25831370126633424 0.31113886279969505 0.25923993189245653 0.33717681984461634 0.36831108934988477 0.2488336515669209 0.3683110893498848
0 0.31299867308936447 0.2641977117768851 0.3901827071892436 0.26254509830881756 0.4143607858345457 0.34847996981217066 0.3371768198446162 0.3716162557662459
0 0.25354875837053575 0.3773613203139533 0.335316941444997 0.36996364229817835 0.3641447501443222 0.4906029729925316 0.2804512438107003 0.49721336634502744
0 0.16984340122767855 0.3833137012663343 0.2562730970554483 0.3798792020670354 0.27580158186662684 0.4972133663450275 0.19024819713338545 0.4988659192933212
0 0.08390590122767856 0.3793454472980803 0.1688599020325375 0.37822664911874204 0.1874584135889314 0.4939081394088926 0.10469481240014404 0.4972133663450275 0.08237654404451152 0.3897947618358926 0.08609630084375013 0.3864895954195316